50000000219
50000000218
50000000244
50000000341
50000000619
50000000617
50000000621
50000000752
50000004619
50000004620
50000004621
50000004622
50000004623
50000004624
50000004625
50000004626
50000004627
50000004628
50000004629
50000004630
50000004631
50000004632
50000004552
50000004778
50000004779
50000004780
50000004781
50000004782
50000004783
50000004784
50000004785
50000004773
50000003780
50000003781
50000003782
50000003783
50000003784
50000003785
50000003786
50000003787
50000003788
50000003790
50000003789
50000003792
50000003793
50000003791
50000003794
50000003795
50000003796
50000003764
50000003797
50000003798
50000003872
50000003865
50000003883
50000003891
50000003888
50000003892
50000004092
50000004100
50000004206
50000004252
50000004509
50000004508
50000004507
50000004510
50000004511
50000004512
50000004513
50000004514
50000004515
50000004517
50000004516
50000004518
50000004519
50000004520
50000004521
50000004522
50000004523
50000004524
50000004525
50000004526
50000004527
50000004528
50000004529
50000004530
50000004531
50000004532
50000004533
50000004534
50000004535
50000004536
50000004537
50000004538
50000004539
50000004540
50000004541
50000004542
50000004543
50000004544
50000004545
50000004546
50000004547
50000004548
50000004549
50000004551
50000004550
50000004552
50000004553
50000004554
50000004555
50000004556
50000004557
50000004558
50000004560
50000004559
50000004561
50000004563
50000004562
50000004564
50000004566
50000004565
50000004579
50000004672
50000004673
50000005763
50000006197
50000006198
50000006196
50000006199
50000006200
50000006201
50000006202
50000006203
50000006204
50000006205
50000006206
50000006207
50000006208
50000006209
50000006210
50000006211
50000006212
50000006213
50000006215
50000006214
50000006216
50000006217
50000006218
50000006219
50000006220
50000006221
50000006222
50000006223
50000006224
50000006225
50000006226
50000006227
50000006228
50000006229
50000006230
50000006231
50000006232
50000006233
50000006234
50000006235
50000006236
50000006237
50000006238
50000006239
50000006240
50000006241
50000006242
50000006243
50000006244
50000006245
50000006246
50000006247
50000006248
50000006249
50000006250
50000006251
50000006252
50000006253
50000006254
50000006255
50000006366
50000006367
50000006368
50000006369
50000006370
50000006371
50000006372
50000006373
50000006374
50000006375
50000006376
50000006377
50000006378
50000006379
50000006380
50000006381
50000006382
50000006383
50000006384
50000006385
50000006386
50000006387
50000006388
50000006389
50000006390
50000006391
50000006392
50000006393
50000006394
50000006395
50000006396
50000006397
50000006398
50000006399
50000006400
50000006401
50000006402
50000006403
50000006404
50000006405
50000006406
50000006407
50000006408
50000006409
50000006410
50000006411
50000006412
50000006413
50000006414
50000006415
50000006416
50000006417
50000006418
50000006419
50000006420
50000006421
50000006422
50000006423
50000006424
50000006425
50000006973
50000006974
50000006975
50000006976
50000006977
50000006978
50000006979
50000006980
50000006981
50000006982
50000006983
50000006984
50000006985
50000006986
50000006988
50000006989
50000006990
50000006992
50000006993
50000006994
50000006991
50000006987
50000006995
50000006996
50000006997
50000006998
50000006999
50000007000
50000007001
50000007002
50000007003
50000007005
50000007006
50000007007
50000007009
50000007004
50000007010
50000007011
50000007012
50000007013
50000007014
50000007015
50000007016
50000007008
50000007017
50000007018
50000007019
50000007020
50000007021
50000007022
50000007023
50000007024
50000007025
50000007026
50000007027
50000007028
50000007029
50000007032
50000007371
50000009784
50000009785
50000009787
50000009790
50000009793
50000009977
50000009978
50000009979
50000009980
50000009982
50000009981
50000009984
50000009987
50000009989
50000009994
50000009992
50000010824
50000011538
50000011812
50000011888
50000012951
50000013203
50000013207
50000013209
50000013210
50000013211
50000013206
50000013217
50000013219
50000013220
50000013222
50000013221
50000013224
50000013226
50000013227
50000013231
50000013234
50000013238
50000013239
50000013242
50000013245
50000013246
50000013249
50000013251
50000013252
50000013253
50000013254
50000013256
50000013259
50000013263
50000013264
50000013590
50000013623
50000013622
50000013647
50000013637
50000013655
50000013748
50000013758
50000013759
50000013766
50000013765
50000013772
50000013774
50000013775
50000013777
50000013776
50000013778
50000013783
50000013782
50000013784
50000013786
50000013785
50000013794
50000013795
50000013796
50000013797
50000013798
50000013806
50000013805
50000013808
50000013809
50000013810
50000013812
50000013811
50000013855
50000014060
50000014061
50000014062
50000014063
50000014064
50000013999
50000014138
50000014139
50000014136
50000014140
50000014141
50000014142
50000014143
50000014144
50000014145
50000014146
50000014147
50000014148
50000014149
50000014150
50000014151
50000014261
50000014389
50000015150
50000015157
50000015158
50000015159
50000015160
50000015162
50000015161
50000015165
50000015163
50000015164
50000015166
50000015168
50000015167
50000015171
50000015172
50000015173
50000015175
50000015176
50000015178
50000015179
50000015188
50000015189
50000015191
50000015192
50000015193
50000015194
50000015196
50000015197
50000015198
50000015849
50000017368
50000017403
50000017404
50000017406
50000017407
50000017411
50000017424
50000017487
50000019545
50000019561
50000019738
50000019740
50000019744
50000019745
50000019747
50000019753
50000019755
50000019758
50000019759
50000019766
50000019770
50000019777
50000019778
50000019782
50000019783
50000019793
50000019792
50000020017
50000020949
50000020950
50000020951
50000020952
50000020953
50000020954
50000020955
50000020956
50000020957
50000020958
50000020947
50000021032
50000021033
50000021034
50000021035
50000021036
50000021037
50000021029
50000021045
50000021046
50000021047
50000021048
50000021049
50000021050
50000021051
50000021052
50000021053
50000021054
50000021055
50000021056
50000021057
50000021058
50000021043
50000021071
50000021072
50000021073
50000021074
50000021075
50000021076
50000021077
50000021078
50000021079
50000021080
50000021081
50000021082
50000021083
50000021084
50000021085
50000021086
50000021087
50000021088
50000021089
50000021090
50000021091
50000021092
50000021093
50000021094
50000021095
50000021096
50000021097
50000021098
50000021099
50000021100
50000021101
50000021102
50000021103
50000021104
50000021105
50000021106
50000021107
50000021108
50000021109
50000021111
50000021110
50000021112
50000021114
50000021113
50000021115
50000021116
50000021117
50000021118
50000021119
50000021120
50000021121
50000021124
50000021122
50000021123
50000021125
50000021126
50000021127
50000021128
50000021129
50000021130
50000021137
50000021138
50000021139
50000021140
50000021141
50000021142
50000021143
50000021144
50000021145
50000021146
50000021147
50000021148
50000021149
50000021150
50000021151
50000021152
50000021153
50000021155
50000021154
50000021157
50000021156
50000021158
50000021159
50000021160
50000021161
50000021162
50000021163
50000021164
50000021165
50000021166
50000021167
50000021168
50000021169
50000021170
50000021135
50000021172
50000021171
50000021173
50000021174
50000021175
50000021176
50000021177
50000021179
50000021180
50000021181
50000021182
50000021183
50000021184
50000021185
50000021186
50000021187
50000021189
50000021190
50000021178
50000022159
50000022691
50000024294
50000024400
50000024615
50000025188
50000025568
50000026528
50000026721
50000026723
50000026725
50000026726
50000026724
50000027897
50000028563
50000029057
50000030595
50000030596
50000030597
50000030598
50000030599
50000030600
50000030601
50000030602
50000030603
50000030604
50000030594
50000030605
50000034058
50000034157
50000034158
50000034159
50000036628
50000036629
50000036630
50000039174
50000040175
50000040176
50000040112
50000040295
50000040958
50000041559
50000041560
50000041538
50000041785
50000041784
50000041783
50000041788
50000041787
50000041786
50000041791
50000041790
50000041789
50000041793
50000041794
50000041792
50000041796
50000041795
50000041797
50000041798
50000041799
50000041800
50000041801
50000041802
50000041803
50000041804
50000041806
50000041805
50000041807
50000041808
50000041809
50000041810
50000041812
50000041811
50000041813
50000041814
50000041816
50000041815
50000041817
50000041818
50000041819
50000041820
50000041821
50000041822
50000041823
50000041825
50000041826
50000041824
50000041828
50000041827
50000041830
50000041831
50000041832
50000041829
50000041834
50000041835
50000041833
50000041836
50000041837
50000042051
50000042077
50000042158
50000042160
50000042161
50000042162
50000042163
50000042164
50000042165
50000042169
50000042170
50000042172
50000042173
50000042175
50000042178
50000042179
50000042182
50000042183
50000042184
50000042186
50000042187
50000042154
50000042384
50000042381
50000042389
50000042390
50000042391
50000042392
50000042394
50000042386
50000042395
50000042396
50000042399
50000042400
50000042403
50000042404
50000042405
50000042408
50000042409
50000042410
50000042412
50000042413
50000042414
50000042415
50000042417
50000042418
50000042419
50000042421
50000042423
50000042431
50000042433
50000042432
50000042434
50000042435
50000042437
50000042440
50000042955
50000042965
50000042967
50000043215
50000043214
50000044276
50000044556
50000044557
50000044558
50000044559
50000044560
50000044561
50000044562
50000044563
50000044566
50000044568
50000044569
50000044570
50000044572
50000044573
50000044577
50000044580
50000044581
50000044582
50000044583
50000044585
50000044586
50000044588
50000044590
50000044591
50000044593
50000044594
50000044595
50000044597
50000044599
50000044600
50000044601
50000044602
50000044603
50000044604
50000044606
50000044607
50000044608
50000044610
50000044611
50000044612
50000044613
50000044900
50000044901
50000044902
50000044903
50000044904
50000044905
50000044906
50000044907
50000044908
50000044909
50000044910
50000044911
50000044912
50000044913
50000044914
50000044915
50000044916
50000044917
50000044918
50000044919
50000044920
50000044921
50000044922
50000044923
50000044924
50000044925
50000044926
50000044927
50000044928
50000044929
50000044930
50000044931
50000044932
50000044933
50000044934
50000044935
50000044936
50000044937
50000044938
50000044939
50000044940
50000044941
50000044942
50000044943
50000044944
50000044945
50000044946
50000044947
50000044948
50000044949
50000044950
50000044951
50000044952
50000044953
50000044954
50000044955
50000044956
50000044957
50000044958
50000044959
50000044960
50000044961
50000044962
50000044963
50000044964
50000044965
50000044966
50000044967
50000044968
50000044969
50000044970
50000044971
50000044972
50000044973
50000044974
50000044975
50000044976
50000044977
50000044978
50000044979
50000044980
50000044981
50000044982
50000044983
50000044984
50000044985
50000044986
50000044987
50000044988
50000044989
50000044990
50000044991
50000044992
50000044993
50000044994
50000044995
50000044996
50000044997
50000044998
50000044999
50000045000
50000045001
50000045002
50000045003
50000045004
50000045005
50000045006
50000045007
50000045008
50000045009
50000045010
50000045011
50000045012
50000045013
50000045014
50000045015
50000045016
50000045017
50000045018
50000045019
50000045568
50000046654
50000046655
50000046656
50000046657
50000046658
50000046652
50000046933
50000047145
50000047190
50000048085
50000048086
50000048087
50000048089
50000048091
50000048092
50000048095
50000048096
50000048097
50000048098
50000048099
50000048100
50000048101
50000048103
50000048105
50000048106
50000048108
50000048109
50000048110
50000048111
50000048114
50000048113
50000048115
50000048116
50000048118
50000048119
50000048120
50000048122
50000048123
50000048124
50000048125
50000048126
50000048127
50000048129
50000048130
50000048131
50000048132
50000048134
50000048136
50000048137
50000048138
50000048139
50000048140
50000048141
50000048142
50000048143
50000048144
50000048234
50000048235
50000048202
50000048648
50000048649
50000048647
50000048651
50000048652
50000048653
50000048650
50000048655
50000048657
50000048654
50000048658
50000048656
50000048661
50000048660
50000048663
50000048664
50000048665
50000048666
50000048667
50000048659
50000048668
50000048677
50000048678
50000048679
50000048675
50000050104
50000050105
50000050226
50000050227
50000050228
50000050230
50000050231
50000050232
50000050233
50000050229
50000050234
50000050235
50000050236
50000050237
50000050238
50000050239
50000050240
50000050241
50000050242
50000050243
50000050244
50000050245
50000050246
50000050247
50000050248
50000050250
50000050249
50000050251
50000050252
50000050253
50000050254
50000050255
50000050256
50000050257
50000050258
50000050259
50000050260
50000050261
50000050262
50000050263
50000050264
50000050265
50000050266
50000050267
50000050268
50000050269
50000050271
50000050270
50000050272
50000050273
50000050274
50000050275
50000050276
50000050277
50000050278
50000050279
50000050280
50000050281
50000050282
50000050283
50000050284
50000050285
50000050572
50000050938
50000051142
50000051247
50000052701
50000052785
50000052786
50000052787
50000052788
50000052789
50000052790
50000052791
50000052792
50000052793
50000052794
50000052795
50000052796
50000052797
50000052798
50000052768
50000053294
50000053480
50000053485
50000053637
50000053760
50000053997
50000054974
50000056225
50000056547
50000056590
50000056592
50000056593
50000064845
50000067901
50000071698
50000071699
50000071700
50000071703
50000071702
50000071701
50000071705
50000071706
50000071704
50000071708
50000071707
50000071710
50000071711
50000071712
50000071709
50000076025
50000076026
50000076027
50000076028
50000076029
50000076030
50000076031
50000076032
50000076033
50000076034
50000076035
50000076037
50000076036
50000076038
50000076039
50000082433
50000084448
50000084450
50000086902
50000086904
50000086905
50000086906
50000086907
50000086908
50000086909
50000086910
50000086912
50000090551
50000095444
50000097514
50000097516
50000104220
50000104221
50000111070
50000123306
50000128531
50000128532
50000128533
50000128534
50000128535
50000128536
50000128537
50000128538
50000128539
50000128540
50000128541
50000128542
50000128543
50000128544
50000128545
50000128546
50000128547
50000128548
50000128549
50000128550
50000128551
50000128552
50000128553
50000128554
50000128555
50000128556
50000128557
50000128558
50000128559
50000128560
50000128561
50000128562
50000128563
50000128564
50000128565
50000128566
50000128567
50000128568
50000128569
50000128570
50000128571
50000128572
50000128573
50000128574
50000128575
50000128576
50000128577
50000128578
50000128579
50000128580
50000128581
50000128582
50000128583
50000128584
50000128585
50000128586
50000128587
50000128588
50000128589
50000128590
50000129381
50000129382
50000132405
50000132699
50000140707
50000140708
50000140714
50000143455
50000143456
50000143457
50000143458
50000143459
50000143460
50000143461
50000143463
50000143462
50000143466
50000143465
50000143464
50000143467
50000143469
50000143468
50000143470
50000143471
50000143472
50000143474
50000143473
50000143475
50000143477
50000143476
50000143478
50000143479
50000143481
50000143480
50000143482
50000143483
50000143484
50000143485
50000143486
50000143487
50000143488
50000143489
50000143490
50000143493
50000143492
50000143491
50000143496
50000143494
50000143495
50000143497
50000143498
50000143499
50000143500
50000143501
50000143502
50000143503
50000143504
50000143505
50000143507
50000143506
50000143508
50000143509
50000143510
50000143511
50000143512
50000143514
50000143513
50000143979
50000144076
50000144074
50000144075
50000144078
50000144079
50000144077
50000144081
50000144080
50000144082
50000144084
50000144085
50000144083
50000144086
50000144087
50000144088
50000144089
50000144090
50000144091
50000144092
50000144093
50000144094
50000144095
50000144096
50000144097
50000144098
50000144100
50000144099
50000144103
50000144101
50000144102
50000144104
50000144105
50000144106
50000144107
50000144108
50000144109
50000144110
50000144111
50000144112
50000144113
50000144114
50000144115
50000144117
50000144116
50000144118
50000144119
50000144120
50000144121
50000144122
50000144123
50000144124
50000144125
50000144126
50000144127
50000144129
50000144128
50000144130
50000144131
50000144132
50000145389
50000148797
50000149554
50000149555
50000149556
50000149557
50000149558
50000149559
50000149560
50000149561
50000149562
50000149563
50000149564
50000149565
50000149566
50000149567
50000149568
50000149569
50000149570
50000149571
50000149572
50000149573
50000149574
50000149576
50000149575
50000149577
50000149579
50000149578
50000149580
50000149581
50000149582
50000149583
50000149584
50000149585
50000149586
50000149587
50000149588
50000149589
50000149590
50000149591
50000149592
50000149593
50000149594
50000149595
50000149596
50000149597
50000149598
50000149599
50000149600
50000149601
50000149602
50000149603
50000149604
50000149605
50000149606
50000149607
50000149608
50000149609
50000151172
50000151173
50000153847
50000156382
50000157227
50000157228
50000157229
50000157230
50000157224
50000158086
50000158084
50000158823
50000158824
50000158825
50000158826
50000158827
50000158828
50000158829
50000158830
50000158831
50000158832
50000158833
50000158834
50000158835
50000158836
50000158837
50000158840
50000158839
50000158838
50000158843
50000158842
50000158841
50000158844
50000158845
50000158846
50000158847
50000158849
50000158848
50000158852
50000158851
50000158850
50000158853
50000158854
50000158855
50000158856
50000158857
50000158858
50000158859
50000158861
50000158860
50000158862
50000158863
50000158864
50000158865
50000158866
50000158867
50000158868
50000158869
50000158870
50000158871
50000158872
50000158873
50000158874
50000158875
50000158876
50000158878
50000158877
50000158879
50000158880
50000158882
50000158881
50000160262
50000160261
50000160260
50000160264
50000160263
50000160265
50000160268
50000160266
50000160267
50000160270
50000160271
50000160269
50000160274
50000160272
50000160273
50000163288
50000163287
50000163289
50000163290
50000163291
50000163292
50000163294
50000163293
50000163295
50000163298
50000163297
50000163296
50000163300
50000163299
50000163301
50000163302
50000163304
50000163303
50000163305
50000163306
50000163307
50000163308
50000163310
50000163309
50000163311
50000163312
50000163313
50000163315
50000163316
50000163314
50000163318
50000163319
50000163317
50000165428
50000165429
50000165430
50000165432
50000165431
50000165433
50000165434
50000165435
50000165436
50000165437
50000165438
50000165439
50000165440
50000165441
50000165442
50000165443
50000165444
50000165445
50000165446
50000165447
50000165448
50000165449
50000165450
50000165451
50000165452
50000165453
50000165454
50000165456
50000165455
50000165457
50000165458
50000165459
50000165460
50000165462
50000165461
50000165463
50000165464
50000165465
50000165466
50000166208
50000168128
50000168127
50000168129
50000168130
50000168131
50000168132
50000168133
50000168134
50000168135
50000168137
50000168136
50000168138
50000168139
50000168140
50000168141
50000168142
50000168143
50000168144
50000168145
50000168146
50000168147
50000168148
50000168149
50000168150
50000168151
50000168153
50000168152
50000168154
50000168155
50000168156
50000168157
50000168158
50000168159
50000168160
50000168162
50000168161
50000168164
50000168165
50000168163
50000168166
50000168168
50000168167
50000168169
50000168170
50000168171
50000168174
50000168172
50000168173
50000168175
50000168176
50000168177
50000168180
50000168178
50000168179
50000168182
50000168181
50000168183
50000168184
50000168186
50000168185
50000171492
50000171493
50000171494
50000171495
50000171496
50000171497
50000171498
50000171499
50000171500
50000171501
50000171502
50000171503
50000171504
50000171505
50000171506
50000171507
50000171508
50000171509
50000171510
50000171511
50000171512
50000171513
50000171514
50000171515
50000171516
50000171517
50000171518
50000171519
50000171520
50000171521
50000171522
50000171523
50000171524
50000171525
50000171526
50000171527
50000171528
50000171529
50000171530
50000171531
50000171532
50000171533
50000171534
50000171535
50000171536
50000172729
50000178850
50000181102
50000181106
50000181107
50000181114
50000181119
50000181128
50000181129
50000181130
50000181131
50000181132
50000181134
50000181136
50000181139
50000181143
50000181145
50000181147
50000181155
50000181156
50000181157
50000181159
50000181225
50000181229
50000181230
50000181232
50000181234
50000181242
50000181253
50000181282
50000185249
50000185250
50000185251
50000185252
50000185253
50000185254
50000185255
50000185256
50000185257
50000185258
50000185259
50000185260
50000185261
50000185262
50000185263
50000185264
50000185265
50000185266
50000185267
50000185268
50000185269
50000185270
50000185271
50000185272
50000185273
50000185274
50000185275
50000185276
50000185277
50000185278
50000185279
50000185280
50000185281
50000185282
50000185283
50000185284
50000185285
50000185286
50000185287
50000185288
50000185289
50000185290
50000185291
50000185292
50000185293
50000185294
50000185295
50000185296
50000185297
50000185298
50000185299
50000185300
50000185301
50000185302
50000185304
50000185303
50000185305
50000185306
50000185307
50000185308
50000185751
50000187192
50000187193
50000187194
50000187195
50000187196
50000187197
50000187198
50000187199
50000187200
50000187201
50000187202
50000187203
50000187204
50000187206
50000187205
50000187207
50000187209
50000187208
50000187210
50000187212
50000187211
50000187213
50000190768
50000191690
50000192030
50000192031
50000192032
50000192033
50000192034
50000192035
50000192036
50000192037
50000192038
50000192039
50000192040
50000192041
50000192042
50000192043
50000192044
50000192045
50000192047
50000192046
50000192048
50000192049
50000192050
50000192051
50000192053
50000192052
50000192054
50000192056
50000192055
50000192057
50000192058
50000192059
50000192060
50000192061
50000192062
50000192063
50000192065
50000192064
50000192066
50000192068
50000192067
50000192069
50000192070
50000192071
50000192072
50000192073
50000192074
50000192075
50000192076
50000192077
50000192078
50000192079
50000192080
50000192081
50000192082
50000192083
50000192084
50000192085
50000192086
50000192087
50000192089
50000192088
50000192875
50000192876
50000192877
50000192879
50000192878
50000192881
50000192880
50000192883
50000192882
50000192885
50000192884
50000192886
50000192887
50000192889
50000192888
50000192890
50000192891
50000192892
50000192893
50000192894
50000192895
50000192896
50000192898
50000192897
50000192899
50000192900
50000192901
50000192902
50000192904
50000192903
50000192905
50000192907
50000192906
50000192908
50000192910
50000192909
50000192911
50000192913
50000192912
50000192914
50000192915
50000192916
50000192917
50000192918
50000192919
50000192920
50000192922
50000192921
50000192923
50000192925
50000192924
50000192926
50000192927
50000192928
50000192929
50000192930
50000192931
50000192932
50000192933
50000192934
50000193608
50000193607
50000193609
50000193610
50000193611
50000193612
50000193613
50000193614
50000193615
50000193616
50000193617
50000193618
50000193619
50000193620
50000193621
50000193622
50000193623
50000193624
50000193625
50000193626
50000193627
50000193628
50000193629
50000193630
50000193631
50000193632
50000193633
50000193634
50000193635
50000193636
50000193637
50000193638
50000193639
50000193640
50000193641
50000193642
50000193643
50000193644
50000193645
50000193646
50000193647
50000193648
50000193649
50000193650
50000193651
50000193652
50000193653
50000193654
50000193655
50000193656
50000193657
50000193658
50000193659
50000193660
50000193661
50000193662
50000193663
50000193664
50000193665
50000193666
50000193668
50000194310
50000194311
50000194312
50000194313
50000194315
50000194314
50000194316
50000194317
50000194318
50000194319
50000194320
50000194321
50000194322
50000194323
50000194325
50000194324
50000194326
50000194328
50000194327
50000194329
50000194330
50000194331
50000194332
50000194333
50000194334
50000194335
50000194336
50000194337
50000194338
50000194339
50000194340
50000194341
50000194342
50000194343
50000194344
50000194345
50000194346
50000194347
50000194348
50000194349
50000194350
50000194351
50000194352
50000194353
50000194354
50000194355
50000194356
50000194357
50000194358
50000194359
50000194360
50000194361
50000194362
50000194363
50000194364
50000194365
50000194366
50000194367
50000194368
50000194369
50000194757
50000194868
50000194969
50000194970
50000194971
50000194972
50000194968
50000194973
50000194974
50000194975
50000194976
50000194977
50000194978
50000194979
50000194980
50000194981
50000194982
50000194983
50000194984
50000194985
50000194986
50000194987
50000194988
50000194989
50000194990
50000194992
50000194991
50000194993
50000194994
50000194996
50000194997
50000194995
50000194998
50000194999
50000195000
50000195001
50000195002
50000195003
50000195004
50000195005
50000195006
50000195007
50000195008
50000195009
50000195010
50000195011
50000195012
50000195013
50000195014
50000195015
50000195016
50000195017
50000195018
50000195019
50000195020
50000195021
50000195022
50000195023
50000195024
50000195025
50000195026
50000195027
50000195088
50000195089
50000195090
50000195091
50000195092
50000195094
50000195095
50000195093
50000195096
50000195097
50000195099
50000195098
50000195100
50000195101
50000195102
50000195103
50000195104
50000195105
50000195106
50000195108
50000195107
50000195109
50000195111
50000195110
50000195112
50000195113
50000195114
50000195115
50000195116
50000195117
50000195118
50000195119
50000195120
50000195121
50000195122
50000195123
50000195124
50000195125
50000195126
50000195127
50000195128
50000195129
50000195130
50000195131
50000195133
50000195134
50000195132
50000195135
50000195136
50000195137
50000195138
50000195139
50000195141
50000195142
50000195140
50000195143
50000195144
50000195145
50000195147
50000195146
50000195938
50000195939
50000195940
50000195941
50000195942
50000195943
50000195944
50000195945
50000195946
50000195947
50000195948
50000195949
50000195950
50000195951
50000195955
50000195956
50000195957
50000195958
50000195959
50000195960
50000195961
50000195962
50000195963
50000195964
50000195965
50000195966
50000195967
50000195968
50000195969
50000195970
50000195971
50000195972
50000195973
50000195974
50000195975
50000195976
50000195977
50000195978
50000195979
50000195980
50000195981
50000195982
50000195983
50000195984
50000195985
50000195986
50000195987
50000195988
50000195989
50000195990
50000195991
50000195992
50000195993
50000195995
50000195996
50000195994
50000195997
50000195998
50000195999
50000196000
50000196001
50000196002
50000196003
50000196004
50000196005
50000196006
50000196007
50000196008
50000196009
50000196010
50000196011
50000196012
50000196013
50000196014
50000196797
50000196886
50000196883
50000196974
50000196994
50000196993
50000196995
50000196996
50000196997
50000196998
50000196992
50000197029
50000197033
50000197032
50000197031
50000197115
50000197122
50000197235
50000197237
