50000249288
50000254980
50000255838
50000263281
50000264809
50000266259
50000268054
50000277258
50000279277
50000280590
50000281013
50000282153
50000285526
50000285993
50000289185
50000292984
50000296234
50000296251
50000298093
50000299206
50000304813
50000311834
50000313268
50000313501
50000314835
50000316855
50000325040
50000328202
50000331658
50000331993
50000332726
50000335590
50000339128
50000346066
50000348647
50000350341
50000350340
50000350784
50000352893
50000354808
50000355501
50000362232
50000362233
50000362795
50000369713
50000372542
50000373090
50000375462
50000377680
50000377739
50000378148
50000381351
50000383935
50000384622
50000395327
50000395430
50000397000
50000403982
50000419564
50000420213
50000432880
50000460809
50000461796
50000471025
50000471518
50000476665
50000478863
50000492282
50000494155
50000494154
50000495975
50000498292
50000500322
50000500565
50000500568
50000508988
50000510677
50000515663
50000515662
50000527869
50000540251
50000546658
50000572776
50000575402
50000611195
