55898397753
55897333602
55897246978
55897668426
55899625183
55899425685
55899414899
55898828533
55898766516
55898828533
55899644544
55899625183
55899425685
55899414899
55899972007
55899895692
55899870398
55899857980
54570120686
51559696103
53324741611
52326661905
1558833663159298
3678887563
6804035100
3600664863
6913272390
1556217503837185
6026177537
1558297691332610
6587124432
6204531306
1556666355846146
5500752797
6604454590
6360778622
6808749827
5557359561
52452505869
6610355822
52357121003
52309207668
6627362576
1553049019888641
1558772204332033
4047303231
1554583881122818
4201974648
6210699291
1553478895627265
51967436349
51002087742
1556304941924354
1555201670800385
3936133973
1556106708336641
1556566099366913
1555487449023490
1556052254087169
1556201111132162
50547338350
1556761049724930
1558645194447874
1556750249457665
1556957374990338
3235358351
1559114264996865
6342353585
6105038138
4135446884
1558564867771394
4725256116
1556311550766081
6146187795
4380708901
1558663770796034
1554290444695553
50445462418
3459744296
3694763350
1554139682016258
1555604124099585
52847371231
4231034701
4019042121
52008591690
5569547953
54918640573
6165814482
3660766736
4520322081
58632683818
6030514694
3506867453
5955382422
6733860708
5950439313
57577665409
3363359496
5769603267
3847798378
3815337148
51558403490
55445419653
3490927671
58616660995
3369417741
6615235610
3791627744
57422005765
55493475021
54514191655
5827244771
56031914129
6358222830
3837344421
4247694352
58378286457
5428528649
51644137065
5852441937
57019710220
6170029350
3400875145
5964569462
3490514559
55613334893
51843465621
6762265674
6630290646
4554354630
58535697462
3234654050
4167676140
6302157571
50255671981
5003704341
52855775993
52244364089
9353384918
53300565888
4422945447
6562286362
56960261614
57843505775
2773925515
4277539659
4891111951
4092722536
6026682709
3710737481
57499610831
3816904656
57497916583
4060576828
58086082326
57307693779
50004813715
5389989310
5545657625
52650417850
54649857085
6342397308
50566280614
52611396359
3981232066
58845801170
6887876270
55797404797
6681284093
5821274882
6768275547
6204695822
56012112123
6388289412
6388289412
55762219080
55762219080
4132504055
4132504055
4131531260
4131531260
52855084426
3304640756
5797374582
6516740878
3483825718
3731695238
6657815148
5458350068
2205393405
54021643396
51953824047
57004258764
52446874238
54445440198
52847371231
52847371231
4231034701
4231034701
4019042121
4019042121
52008591690
52008591690
54918640573
54918640573
6165814482
6165814482
3660766736
4520322081
4520322081
58632683818
58632683818

3660766736
6030514694
6030514694
3506867453
3506867453
5955382422
5955382422
6733860708
6733860708
5950439313
5950439313
57577665409
57577665409
3363359496
3363359496
5769603267
5769603267
3847798378
3847798378
52847371231
52847371231
3815337148
3815337148
55445419653
4231034701
4231034701
55445419653
4019042121
4019042121
3490927671
3490927671
58616660995
52008591690
52008591690
58616660995
54918640573
54918640573
3369417741
3369417741
6165814482
6165814482
6615235610
6615235610
3791627744
3660766736
3660766736
3791627744
57422005765
4520322081
4520322081
57422005765
58632683818
58632683818
55493475021
55493475021
54514191655
6030514694
6030514694
54514191655
3506867453
3506867453
5827244771
5827244771
56031914129
5955382422
5955382422
56031914129
6733860708
6733860708
6358222830
6358222830
5950439313
3837344421
3837344421
5950439313
52847371231
57577665409
57577665409
4247694352
4231034701
4247694352
3363359496
3363359496
58378286457
4019042121
58378286457
5769603267
5769603267
5428528649
52008591690
5428528649
3847798378
3847798378
51644137065
54918640573
51644137065
3815337148
3815337148
5852441937
6165814482
5852441937
55445419653
55445419653
57019710220
3660766736
57019710220
3490927671
3490927671
6170029350
4520322081
6170029350
58616660995
3400875145
58632683818
3400875145
58616660995
3369417741
5964569462
6030514694
5964569462
3369417741
52847371231
3490514559
3490514559
6615235610
6615235610
5955382422
3791627744
4231034701
55613334893
3791627744
55613334893
6733860708

57422005765
4019042121

51843465621
57422005765
51843465621
5950439313

55493475021
52008591690

6762265674
55493475021
6762265674

57577665409
54514191655
6630290646
54918640573
6630290646
54514191655

3363359496
6165814482
4554354630
5827244771
5827244771
4554354630
5769603267
56031914129
56031914129
58535697462
3660766736
58535697462
3847798378

6358222830
4520322081
6358222830
3234654050
3234654050
3815337148
3837344421
58632683818
3837344421
4167676140
4167676140

55445419653
4247694352
46030514694
247694352
6302157571

6302157571
3490927671
58378286457
3506867453

58378286457
50255671981
50255671981
58616660995
5428528649
55955382422
428528649
5003704341

5003704341
3369417741
51644137065
6733860708

51644137065
52855775993
52855775993
6615235610

5852441937
5950439313
5852441937
52244364089
52244364089
3791627744

57019710220
57577665409

57019710220
9353384918
9353384918

57422005765
6170029350
63363359496
170029350
53300565888

53300565888
55493475021
3400875145
35769603267
400875145
44422945447
422945447

54514191655
52847371231
3847798378
52847371231
5964569462
5964569462
56562286362
2847371231
6562286362

5827244771
3490514559
3815337148
52847371231
4231034701
5696026161456960261614

4231034701
3490514559
4231034701
56031914129
55613334893
55445419653
4231034701
4019042121
57843505775
57843505775
4019042121
55613334893
4019042121
6358222830

51843465621
3490927671
4019042121

52008591690
2773925515
522773925515
008591690
52008591690
51843465621
3837344421
6762265674
58616660995
52008591690
54918640573
4277539659
4277539659

54918640573
54918640573
6762265674
4247694352
6630290646
54918640573
6165814482
4891111951
3369417741
4891111951

6165814482
6165814482
6630290646
3660766736
3660766736
46165814482
092722536
6615235610
4554354630
34092722536
660766736
4554354630
55428528649
4520322081
4520322081
6026682709
3791627744
3660766736
4520322081
58535697462
58535697462
8378286457
51644137065
58632683818
58632683818
3710737481
57422005765

4520322081
3234654050
3234654050
58632683818

6026682709
3710737481
4167676140
6030514694
57499610831
55493475021
603051469458632683818

4167676140
6030514694
5852441937
57499610831
3506867453
63506867453
3816904656
54514191655
302157571
66030514694
302157571
57019710220
3506867453

3816904656
50255671981
5955382422
57497916583
5827244771

5955382422
3506867453

50255671981
52847371231
6170029350
5955382422
57497916583
5003704341
66733860708
4060576828
56031914129
733860708
5955382422
5003704341
4231034701
3400875145
6733860708

4060576828
5950439313
5950439313
58086082326
6358222830
52855775993
6733860708

5950439313
52855775993
4019042121
5964569462
58086082326
57577665409
57577665409
57307693779
3837344421
52244364089
52244364089
5950439313
52008591690
3490514559
57577665409

57307693779
9353384918
53363359496
50004813715
4247694352
4918640573
9353384918
3363359496
357577665409
363359496
55613334893
52847371231
6165814482
53300565888
55769603267
5389989310
58378286457
769603267
53300565888
53363359496
1843465621
5769603267
50004813715

5389989310
3660766736
3847798378
5545657625
5428528649
4422945447
4422945447
6762265674
52847371231
52847371231
5769603267
3847798378
3847798378
4231034701
5545657625
4520322081
3815337148
52650417850
51644137065
6562286362
6630290646
4231034701
4231034701
38153371483847798378

3815337148
6562286362
4019042121
52650417850
58632683818
55445419653
54649857085
5852441937
56960261614
4554354630
4019042121
4019042121
55445419653
55445419653
53815337148
654918640573
960261614

54649857085
6030514694
57843505775
53490927671
6342397308
57019710220
8535697462
52008591690
52008591690
3490927671
355445419653
490927671
57843505775

52008591690
6165814482
63506867453
2773925515
58616660995
50566280614
6170029350
3234654050
54918640573
54918640573
58616660995
3490927671

2773925515
58616660995
342397308

3660766736
5955382422
4277539659
43369417741
52611396359
3400875145
277539659
4167676140
6165814482
6165814482
58616660995
3369417741
3369417741
50566280614
52611396359
4891111951
6733860708
64891111951
6615235610
3981232066
5964569462
302157571
3660766736
3660766736
63369417741
615235610
6615235610
4520322081

58632683818
4092722536
5950439313
54092722536
3791627744
58845801170
3490514559
0255671981
4520322081
4520322081
6615235610
3791627744
3791627744

3981232066
6030514694
6026682709
57577665409
57422005765
6887876270
55613334893
6026682709
5003704341
58632683818
58632683818
53791627744
7422005765
57422005765
58845801170
3506867453
3710737481
3363359496
55493475021
55797404797
51843465621
3710737481
6030514694
6030514694
52855775993
57422005765

55493475021
55493475021
6887876270
5955382422
55769603267
57499610831
54514191655
6681284093
6762265674
57499610831
54514191655
3506867453
3506867453
555493475021
2244364089
54514191655
5797404797
6733860708
63847798378
5827244771
5821274882
6630290646
3816904656
3816904656
52847371231
5955382422
5955382422
9353384918
5827244771
54514191655
5827244771
681284093
5950439313
53815337148
56031914129
6768275547
4554354630
5827244771
57497916583
57497916583
4231034701
6733860708
6733860708
53300565888
56031914129
56031914129
821274882

57577665409
6358222830
6204695822
58535697462
56031914129
55445419653
4060576828
4060576828
4019042121
5950439313
5950439313
4422945447
6358222830
6358222830

6768275547
6204695822
33837344421
56012112123
3234654050
6358222830
3490927671
58086082326
58086082326
52008591690
57577665409
57577665409
6562286362
3837344421
3837344421
363359496

5769603267
4247694352
6388289412
4167676140
3837344421
58616660995
57307693779
57307693779
4247694352
54918640573
3363359496
3363359496
56960261614
4247694352
56012112123
6388289412
58378286457
6388289412
6302157571
4247694352
50004813715
3369417741
50004813715
58378286457
6165814482
5769603267
5769603267
57843505775
58378286457
3847798378
6388289412
5428528649
55762219080
50255671981
58378286457
5389989310
6615235610
5389989310
5428528649
3660766736
3847798378
3847798378
2773925515
5428528649
3815337148
55762219080
51644137065
55762219080
5003704341
5428528649
5545657625
3791627744
5545657625
51644137065
4520322081
3815337148
3815337148
4277539659
51644137065
55445419653

3490927671
5852441937
4132504055
52855775993
51644137065
52650417850
52650417850
57422005765
58632683818
55445419653
55445419653
4891111951
5852441937
5852441937
55762219080
58616660995
57019710220
4132504055
52244364089
5852441937
55493475021
54649857085
54649857085
6030514694
3490927671
3490927671
4092722536
57019710220
57019710220
4132504055

4132504055
6170029350
9353384918
4131531260
57019710220
6342397308
54514191655
6342397308
3506867453
58616660995
58616660995
6026682709
6170029350
6170029350
3369417741
4131531260
63400875145
53300565888
4131531260
6170029350
50566280614
50566280614
5827244771
5955382422
3369417741
3369417741
3400875145
3710737481
3400875145
615235610

3506867453
52611396359
5964569462
4422945447
52855084426
3400875145
52611396359
56031914129
6733860708
6615235610
6615235610
57499610831
5964569462
5964569462
4131531260
52855084426
3490514559
6562286362
3304640756
5964569462
3981232066
6358222830
3981232066
3791627744
3791627744
3490514559
3816904656
3490514559

57422005765
5950439313
3304640756
55613334893
56960261614
5797374582
3490514559
3837344421
58845801170
58845801170
57422005765
57422005765
55613334893
57497916583
55613334893
55493475021
57577665409
5797374582
51843465621
57843505775
6516740878
6887876270
4247694352
6887876270
52847371231
55493475021
55493475021
51843465621
55613334893

4060576828
51843465621
54514191655
3363359496
6516740878
558378286457
55797404797
6762265674
3483825718
2773925515
55797404797
4231034701
54514191655
54514191655
6762265674
58086082326
6762265674
769603267
58251843465621
7244771
52847371231
52847371231
4231034701
35428528649
6681284093
6630290646
4019042121
6681284093
5827244771
53731695238
4277539659
827244771
6630290646
57307693779
6630290646
483825718
3847798378
566762265674
52847371231
031914129
4019042121
56031914129
51644137065
5821274882
4554354630
52847371231

5821274882
520085916906657815148
4891111951

4554354630
50004813715
4554354630
56031914129
3731695238
3815337148
6630290646
4231034701
6358222830
4019042121
452008591690
58535697462
5852441937
6768275547
54918640573
658535697462
4231034701
768275547

6358222830
54092722536
5458350068
389989310
58535697462
6358222830

6657815148
55445419653
4554354630
3837344421
554918640573
4019042121
54918640573
3837344421
57019710220
6204695822
6165814482
63234654050
4019042121
204695822
5545657625
36026682709
2205393405
234654050
3837344421
3234654050

5458350068
3490927671
458535697462
247694352
52008591690
6165814482
6165814482
24247694352
56170029350
56012112123
3660766736
56012112123
4167676140
52008591690

4167676140
3710737481
54021643396

2650417850
4247694352
4167676140
205393405
58616660995
53234654050
8378286457

54918640573

2008591690
3660766736
58378286457
3400875145
52847371231
6388289412
4520322081
6302157571
54918640573
6388289412
57499610831
51953824047
6302157571
54649857085
5428528649
58378286457
6302157571
540216433964167676140
6165814482
52847371231

3369417741
4520322081
51644137065
6342397308
4231034701
6388289412
58632683818
5964569462
50255671981
6388289412
5428528649
56165814482
3816904656
57004258764
0255671981
5428528649
50255671981
6615235610
51953824047
6302157571

3660766736
4231034701
4520322081
358632683818
5852441937
51644137065
5003704341
4019042121
6030514694
55762219080
555003704341
3660766736
762219080
3452446874238
57497916583
90514559
51644137065

5003704341
50566280614

3791627744
57004258764
50255671981
4520322081
4019042121


58632683818
6030514694
657019710220
5852441937
52008591690
55762219080
52855775993
3506867453
52855775993

55613334893
4520322081

55762219080
4060576828
54445440198

52611396359
5852441937

52855775993
030514694
57422005765
5003704341
552008591690
58632683818

2446874238
3506867453
6170029350
557019710220
54918640573
4132504055
5955382422
51843465621
52244364089
58632683818

52244364089
4132504055
58086082326

3981232066
57019710220
2244364089
55493475021
3506867453
54445440198
52855775993
54918640573
6030514694

5955382422
59353384918
36170029350
6165814482
4132504055
6733860708
96030514694
9353384918
353384918
4132504055
6762265674
5857307693779
845801170
6170029350
400875145
955382422
54514191655

52244364089
6165814482
3506867453

6733860708
653300565888
6887876270
5950439313
53300565888
4131531260
3506867453
53300565888

6630290646
3400875145
3660766736
50004813715

4131531260

5964569462
3400875145
733860708
5827244771
9353384918
3660766736

5955382422

5950439313
4422945447
5964569462
57577665409
4422945447
4131531260
4554354630
5955382422
4422945447
4520322081
4131531260
55389989310
5797404797
3490514559
5964569462
5950439313
56031914129
53300565888
4520322081
6733860708
6562286362
6681284093
53490514559
52855084426
58535697462
6562286362
58632683818
528550844266733860708

3363359496
6562286362
5545657625

5613334893
3490514559
57577665409
57577665409
6358222830

660766736

58632683818
5950439313
3363359496
3837344421
551843465621
3234654050
56960261614

55613334893
60305146945950439313

5769603267
3304640756
56960261614
3304640756
52650417850
6960261614
5821274882
55613334893
3363359496

4422945447
6562286362
57577665409
4247694352
57843505775
6762265674
55797374582
4167676140
57843505775
57577665409

1843465621
3506867453
3847798378
5797374582
57843505775
54649857085

6768275547
51843465621
5769603267
5769603267
6030514694
56960261614
3363359496
32773925515
6204695822
36762265674
6516740878
6302157571
2773925515
63363359496
630290646
6762265674
5955382422
3815337148
6516740878
2773925515
86342397308
47798378
58378286457
3847798378
557843505775
5955382422
5769603267
3815337148
5428528649
34277539659
50255671981
4277539659
560121121235769603267

6630290646
4554354630
6630290646
55445419653
6733860708
3483825718
4277539659
50566280614

3483825718
815337148

06867453

2773925515
55445419653
55445419653
516441370654891111951
5003704341
4891111951
6388289412
4553847798378
4354630
58535697462
4554354630
5950439313
3490927671
3731695238
4891111951
37352611396359
1695238

3847798378
4277539659
5950439313
3815337148
63490927671
4092722536
6388289412
52855775993
4092722536
585356974623815337148

3234654050
58535697462
57577665409
58616660995
6657815148
4092722536
3981232066

6657815148
3490927671
5852441937
57577665409
4891111951
55445419653
58616660995
6026682709
54167676140
352244364089
234654050
336026682709
63359496
33655445419653
9417741
5458350068
6026682709
5458350068
5762219080
32358845801170
4654050

57019710220
58616660995
4092722536
3363359496

3369417741
36170029350
3710737481
6302157571
9353384918
4167676140
5769603267
3710737481
6615235610
2205393405
33490927671
710737481
2205393405
55762219080
6887876270
4167676140
3369417741
490927671

6026682709
5769603267
58616660995
6615235610
57499610831
50255671981
53300565888
6302157571
3847798378
57499610831

3791627744
58616660995

54021643396
57499610831
54021643396

4132504055
6302157571
3400875145
661523561055797404797
3710737481

3847798378

3369417741

3791627744
3816904656
50255671981
4422945447

5003704341
502556719813816904656

38153371483369417741

57422005765
51953824047
3816904656
51953824047
4132504055
5964569462
6681284093

3791627744
57499610831
3815337148
6615235610
57422005765
57497916583
5003704341
6562286362
57497916583
52855775993
5003704341
55445419653
6615235610
55493475021
57004258764
57497916583
57004258764

4131531260
5821274882

3490514559
57422005765
3816904656

55445419653
55493475021
55493475021
4060576828
452855775993
56960261614

52244364089
52855775993
4060576828
3791627744

3490927671
54514191655
52446874238
52446874238
4060576828
131531260

56768275547
5613334893

3791627744

57497916583
3490927671
54514191655
51843465621
58086082326
9353384918
557843505775
2244364089
558086082326
57422005765
2244364089
58616660995
5827244771
54445440198
58086082326
54445440198

52855084426
54514191655

574220057656204695822

4060576828

58616660995
55493475021
6762265674
5827244771
553300565888
2773925515
9353384918
57307693779
9353384918
3369417741
55493475021
56031914129
57307693779
7307693779
3304640756
5827244771
56012112123
58086082326
3369417741

54514191655
6630290646
556031914129
53300565888
4277539659
6615235610
650004813715
358222830
50004813715

54514191655
50004813715
5797374582
4422945447
53300565888
6031914129
6388289412
57307693779
6615235610

5827244771
6358222830
66516740878
4422945447
4891111951
3791627744
5389989310
5827244771
3837344421
5389989310
5389989310
4422945447
6562286362
358222830
4554354630

50004813715
3791627744

6388289412
56031914129
3837344421

3837344421
57422005765
4092722536
45545657625
247694352
556031914129
545657625
3483825718
6562286362
5545657625
56960261614
6562286362
58535697462
5389989310
57422005765
55762219080
6358222830
34247694352
4247694352
355493475021
6026682709
52650417850
6358222830
55762219080
58378286457
52650417850
731695238
56960261614
52650417850
57843505775
56960261614
5545657625
55493475021

234654050
3837344421

4167676140
58378286457
54514191655
3710737481
54649857085
3837344421

5428528649
54649857085
6657815148
57843505775
54649857085
2773925515
57843505775
58378286457
4132504055
52650417850
54514191655
4247694352
6302157571
55428528649
551644137065
6342397308

6342397308
4247694352

57499610831
458350068
2773925515
6342397308
4277539659
2773925515
5827244771
428528649

4132504055
55827244771
4649857085
50255671981
51644137065
2205393405
5852441937
550566280614
0566280614
358378286457
816904656
51644137065
50566280614
4277539659
4891111951
4277539659
56031914129

58378286457
4131531260
56031914129
6342397308

5003704341
5852441937
54021643396
57497916583
52611396359

58524419375428528649
4131531260

52611396359
4891111951
4092722536
4891111951
6358222830
57019710220
52611396359
5428528649
50566280614
51644137065
52855775993
57019710220
51953824047
4060576828

3981232066
57019710220
3981232066
4051644137065
52855084426
92722536
6026682709
4092722536
3837344421
6170029350
3981232066


6358222830
52611396359
3837344421

5852441937
52244364089

6170029350
58086082326
58845801170

57004258764
6170029350
5852441937

58845801170
6026682709
3710737481
6026682709
4247694352
3400875145
58845801170

733860708
3304640756
34247694352
57019710220
9353384918
3400875145
6887876270
56887876270
7307693779
52446874238
57019710220
5797374582
6887876270
3400875145
3710737481
57499610831
3710737481
58378286457
5964569462
58845801170
58378286457
6170029350
53300565888
5964569462
550004813715
55797404797

4445440198
55797404797
5964569462
6170029350
6516740878
57499610831
3816904656
57499610831
5428528649
3490514559
55797404797

6887876270

5428528649
3400875145
4422945447
3490514559
5389989310
6681284093
6681284093
3490514559
3400875145
3483825718
3816904656
57497916583
3816904656
51644137065
6681284093
55613334893
55797404797
51644137065
5964569462


981232066
6562286362
55613334893
5821274882
5821274882
55613334893
5964569462
3731695238
57497916583
4060576828
57497916583
5852441937
5821274882
51843465621
56681284093
3490514559
5852441937
545657625

56960261614
518434656216768275547

6768275547
4060576828
51843465621
3490514559

58086082326
4060576828
57019710220
6768275547
6762265674
52650417850
6657815148
55613334893
578435057756762265674
6204695822
58086082326
66204695822
762265674
57307693779
58086082326
6170029350
655613334893
204695822
6630290646
54649857085

57019710220
5821274882
6768275547
6170029350
551843465621
6630290646
56012112123
6342397308

56012112123
57307693779
6630290646
50004813715
5730769377951843465621

3400875145
56012112123
4554354630

2773925515
458350068
2205393405
63400875145
26762265674
4554354630
6388289412
50566280614
6388289412

50004813715
4554354630
500048137156762265674

5389989310
5964569462
6388289412
58535697462
4277539659
04695822


54021643396
5964569462
6630290646

4891111951
58535697462
6388289412
6388289412
5389989310
58535697462
5389989310
6630290646
51953824047
5545657625
3490514559
6388289412
3234654050
52611396359
56012112123
3490514559
6388289412

4554354630
4092722536
55762219080
3234654050
55762219080
5545657625
3234654050
4554354630
57004258764

5545657625
52650417850
55613334893
55762219080
4167676140
3981232066
55613334893
58535697462
6026682709
4167676140
555762219080
5762219080
52650417850
4167676140
52650417850
58535697462
52446874238
54649857085
51843465621
6302157571
55762219080
58845801170

6388289412
51843465621
3234654050
3710737481
6302157571
4134132504055
2504055
54649857085
6302157571
54649857085
6342397308
673234654050
54445440198
62265674
50255671981
4132504055
6887876270
55762219080

6762265674
55762219080
4167676140
57499610831
4132504055
50255671981
4132504055
6342397308
50255671981
4167676140
50566280614
6342397308
6630290646
5003704341
4132504055
55797404797

231034701

3816904656
5003704341
4131531260
4131531260
50566280614
5003704341
52611396359
50566280614
45543546306302157571

52855775993
4131531260
6681284093
6302157571
6630290646
4132504055
4554354630
52855775993
4131531260
5821274882
4131531260

52611396359
52855775993
3981232066
52611396359
550255671981
8535697462
4131531260
52244364089
57497916583
50255671981
4131531260
58535697462
4060576828
52244364089
6768275547
52855084426
52855084426
3981232066
52244364089
58845801170
5003704341

3981232066
3234654050
52855084426
9353384918
5003704341
4131531260

3234654050
9353384918
3304640756
6204695822
3304640756
58845801170
9353384918
58845801170
652855775993
887876270
4167676140
53300565888
3304640756
58086082326
52855775993
52855084426
4167676140

57307693779
53300565888
6887876270
5797374582
5797374582
53300565888
6887876270
552244364089
5797404797
6302157571
4422945447
5797374582
56012112123
52244364089
3304640756
50004813715
9353384918
55797404797
4422945447
6516740878
6516740878
4422945447
55797404797
9353384918
6681284093
50255671981
6562286362
6516740878
6388289412
6302157571

5797374582
5389989310
53300565888
6681284093
6562286362
33483825718
483825718
6562286362
6681284093
5853300565888
6516740878
21274882
5003704341
56960261614
3483825718
6388289412

50255671981
5545657625
4422945447
55821274882
56960261614
3731695238

3731695238
56960261614
5821274882
4422945447

6768275547
52855775993
57843505775
3731695238
55762219080
003704341

3483825718
52650417850
6562286362
6768275547
555762219080
6657815148
7843505775
6657815148
6768275547
56562286362
7843505775
6204695822
52244364089
6657815148
2773925515

52855775993
3731695238
52244364089
54649857085
56960261614
6204695822
25458350068
773925515
5458350068
6204695822
2773925515
5656960261614
012112123
9353384918
5458350068
4132504055
4277539659

6657815148
6342397308
9353384918

57843505775
560121121232205393405

4277539659
2205393405
56012112123
4277539659
57843505775
53300565888
6388289412
2205393405
4891111951
4132504055
5458350068
53300565888
50566280614
2773925515
6388289412
4854021643396
91111951
54021643396
6388289412
4891111951
42773925515
422945447
6388289412
54021643396
4131531260
4092722536

2205393405

4422945447
52611396359
4277539659
6026682709
51953824047
6388289412
4092722536
51953824047
6388289412
4092722536
6562286362
4277539659
55762219080
51953824047
4131531260
54021643396
6562286362
3981232066

4891111951
52855084426
57004258764

3710737481
57004258764
6026682709
55762219080
55762219080
6026682709
56960261614
4891111951

55762219080
57004258764
51953824047
56960261614
58845801170
3710737481
43304640756
552446874238
4092722536
7499610831
092722536
55762219080
52446874238
55762219080
3710737481
57843505775
457004258764
132504055
52446874238


4132504055
6887876270
53816904656
56026682709
4445440198
57499610831
6026682709
4132504055
54445440198
4132504055
57499610831
2773925515
4132504055
54445440198
5797374582
52446874238
7843505775
2773925515
557497916583
5797404797
3710737481
3816904656
4132504055
4277539659
4132504055
3710737481
4131531260
3816904656
6516740878

54445440198
4277539659
63483825718
4060576828
57499610831
681284093
57497916583
4131531260
4891111951
4131531260
57499610831
4131531260
57497916583

3791627744
3816904656
4891111951
5821274882
4060576828
4131531260
4092722536
4131531260
52855084426
3816904656
4060576828
58086082326
4092722536
57497916583
6768275547
58086082326
52855084426
6026682709
52855084426
3304640756
57497916583
57307693779
58086082326
6657815148
6026682709
64060576828
204695822
57307693779
3304640756
3710737481
3304640756
4060576828
5797374582
50004813715
57307693779
5458350068

3710737481
58086082326
56012112123
50004813715
57499610831
5797374582
5797374582
58086082326
6516740878
5389989310
2205393405
50004813715
57499610831
5389989310
57307693779
6388289412
5389989310
3816904656
6516740878
57307693779
6516740878
3483825718
5545657625
54021643396

3731695238
50004813715
3816904656
6388289412
57497916583
5545657625
3483825718
50004813715
3483825718
3731695238
52650417850
51953824047
55762219080
5389989310
57497916583
4060576828
52650417850
3731695238
5389989310
3731695238
6657815148
54649857085
57004258764
52650417850

5545657625
5545657625
55762219080
4060576828
58086082326
54649857085
6657815148
5545657625
6657815148
5458350068
6342397308
52446874238
54132504055
6342397308
52650417850
57307693779
58086082326
6342397308
5458350068
52650417850
5458350068
2205393405
50566280614
54445440198
4649857085
54649857085
4132504055
50004813715
57307693779
50566280614
2205393405
54649857085
2205393405
54021643396
52611396359
4131531260
56342397308
389989310
50004813715
52611396359
54021643396
6342397308
54021643396
51953824047
3981232066
52611396359
50566280614
3981232066
50566280614
4131531260
5545657625
5389989310
3981232066
51953824047
50566280614
51953824047
57004258764
58845801170
52611396359
52855084426
52650417850
5545657625
58845801170
57004258764
52611396359
57004258764
52446874238
6887876270
3304640756
56887876270
3981232066
4649857085
52650417850
6887876270
52446874238
3981232066
52446874238
54445440198
55797404797
58845801170
55797404797
58845801170
5797374582
6342397308
54445440198
55797404797
54649857085
58845801170
54445440198
6681284093
6681284093
6887876270
6516740878
50566280614
6681284093
6342397308
6887876270
5821274882
5821274882
55797404797
3483825718
52611396359
5821274882
50566280614
55797404797
6768275547
6681284093
3731695238
3981232066
6768275547
52611396359
6681284093
6204695822
6657815148
5821274882
58845801170
6204695822
3981232066
5821274882
56012112123
6204695822
5458350068
6768275547
56012112123
6887876270
58845801170
6768275547
6388289412
56012112123
2205393405
6204695822
6388289412
55797404797
6887876270
6204695822
6388289412
6388289412
54021643396
56012112123

6388289412
6681284093
55797404797
56012112123
55762219080
6388289412
55762219080
55762219080
6388289412
51953824047
5821274882
6681284093
6388289412
55762219080

6768275547
55762219080
6388289412
55762219080
57004258764
6768275547
5821274882
6388289412
4132504055
4132504055
55762219080
4132504055
52446874238
6204695822
6768275547
55762219080
4132504055
4132504055
55762219080
4132504055
54445440198
56012112123
6204695822
55762219080
4131531260

4131531260
4132504055
6388289412
56012112123
4132504055
4131531260
4131531260
4132504055
4131531260
6388289412
6388289412
4132504055
52855084426
4131531260
52855084426
4131531260
52855084426
55762219080
6388289412
4131531260
3304640756
4131531260
3304640756
55762219080
55762219080
4131531260
5797374582
5797374582
52855084426
4132504055
55762219080
6516740878
52855084426
5797374582
4132504055
63304640756
516740878
4132504055
3483825718
3304640756
6516740878

4131531260
5797374582
3483825718
4132504055
3731695238
5797374582
3483825718
4131531260
6516740878
3731695238
4131531260
3731695238
6657815148
6516740878
52855084426
3483825718

6657815148
4131531260
5458350068
6657815148
3483825718
3304640756
3731695238
5458350068
52855084426
2205393405
5458350068
3731695238
5797374582
6657815148
2205393405
3304640756
54021643396
2205393405
6657815148
6516740878
5458350068
54021643396
5797374582
51953824047
54021643396
5458350068
3483825718
51953824047
6516740878
57004258764
51953824047
2205393405
3304640756
57004258764
3483825718
52446874238
54021643396
57004258764
3731695238
2205393405
52446874238
3731695238
54445440198
51953824047
52446874238
6657815148
54021643396
54445440198
6657815148
57004258764
54445440198
5458350068
57004258764
2205393405
5458350068
52446874238
51953824047
54021643396
2205393405
54445440198
52446874238
51953824047
54021643396
57004258764
51953824047
52446874238
57004258764
54445440198
52446874238
54445440198
54445440198
50000249288
50000254980
50000255838
50000263281
50000264809
50000266259
50000268054
50000277258
50000279277
50000280590
50000281013
50000282153
50000285526
50000285993
50000289185
50000292984
50000296234
50000296251
50000298093
50000299206
50000304813
50000311834
50000313268
50000313501
50000314835
50000316855
50000325040
50000328202
50000331658
50000331993
50000332726
50000335590
50000339128
50000346066
50000348647
50000350341
50000350340
50000350784
50000352893
50000354808
50000355501
50000362232
50000362233
50000362795
50000369713
50000372542
50000373090
50000375462
50000377680
50000377739
50000378148
50000381351
50000383935
50000384622
50000395327
50000395430
50000397000
50000403982
50000419564
50000420213
50000432880
50000460809
50000461796
50000471025
50000471518
50000476665
50000478863
50000492282
50000494155
50000494154
50000495975
50000498292
50000500322
50000500565
50000500568
50000508988
50000510677
50000515663
50000515662
50000527869
50000540251
50000546658
50000572776
50000575402
50000611195
50000742908
50000744395
50000751183
50000751181
50000759004
50000761810
50000773146
50000775151
50000777982
50000779536
50000779537
50000786688
50000787003
50000788706
50000788708
50000788707
50000795022
50000796692
50000796695
50000796696
50000823326
50000832819
50000840694
59999992609
59999905719
1559103003247617
1558326903836673
51203863296
4433966661
6874261796
6018112154
53361601840
5569547953
50956978431
6921625317
54239047827
3435296611
17007915112
52351761576
6201685542
6201685542
54259753453
6696284555
54191705566
6018112154
53361601840
6088543332
6714456825
6504229206
6504229206
6848261853
55672737136
52222535360
52110369636
53158110218
51260462122
54002024578
6986706813
54396770041
6026875257
3509453620
52550162381
4121933900
55274888669
5116097494
4259259238
6696444710
4557174947
54396837687
6111565462
6144201596
52402646285
55084280182
6605260291
6018061276
6676459520
6874628682
6927029050
6504229206
52900155501
50630483701
55665654438
5500049658
53612927375
7011913520
51681174908
53465018743
5429649286
6904865463
5836862681
6372400497
54566551191
54566551191
54566551191
6925964343
52355336018
5901855383
4013024644
6618014253
52732476286
6796974110
5567488467
7021789881
51843676760
6902065220
5547176384
55188674821
3906554906
4732278386
5845261135
5533107032
54237892853
50679255008
4280849987
51152566981
55452394341
4280849987
14782382289
5886111297
5999498495
54703915022
6696444710
53573795163
52550319280
50087377704
51447617581
54576332089
5839829632
51821207956
53969433659
7123459627
6585753463
52732476286
52485646287
52235195724
5792506492
51708248538
1477156247
52325372025
54396786445
4110886111
6394053503
51892997150
6428993362
54420657511
54084443318
6960319960
6781166197
52956138086
50043303923
53624155233
53015576629
52907561022
6911515401
52547684841
5541100607
51407045973
6960319960
55042336726
3524855686
5772409627
3430169982
50834348110
1559299261656065
6408580762
54538131465
6653968572
3451111131
55442521026
5390301566
4707203489
50496145061
50495327186
6008927221
6063020307
50267397916
5500049658
5958474208
54237892853
6843407155
4876787421
54266570710
5962068031
55184135479
52692327215
3979109163
55216420543
53266046735
6147801028
53103470683
5446899211
5824341112
6740244755
4339021152
6102160207
3317542321
50548908263
52986222598
53232470502
6556010786
3672764013
53544763700
52691795337
52234964965
50813304492
52837229018
4047194355
6869446269
6906355501
6881059074
55182601573
6611126794
6813897835
54578309851
6520641768
6624721395
5999498495
53361012712
6822711252
5531012017
6504229206
6504229206
6874261796
50956978431
6921625317
54239047827
3435296611
17007915112
52351761576
6201685542
54259753453
6696284555
54191705566
6018112154
53361601840
6088543332
6714456825
6848261853
55672737136
52222535360
52110369636
53158110218
51260462122
54002024578
6986706813
54396770041
6026875257
3509453620
52550162381
4121933900
55274888669
5116097494
4259259238
4557174947
54396837687
6111565462
6144201596
52402646285
55084280182
6605260291
6018061276
6676459520
6874628682
6927029050
52900155501
50630483701
55665654438
53612927375
7011913520
51681174908
53465018743
5429649286
6904865463
5836862681
6372400497
54566551191
6925964343
52355336018
5901855383
4013024644
6618014253
6796974110
5567488467
7021789881
51843676760
6902065220
55188674821
3906554906
4732278386
5845261135
5533107032
50679255008
51152566981
55452394341
4280849987
14782382289
5886111297
54703915022
6696444710
53573795163
52550319280
50087377704
51447617581
54576332089
5839829632
51821207956
53969433659
7123459627
6585753463
52732476286
52485646287
52235195724
5792506492
51708248538
1477156247
52325372025
54396786445
4110886111
6394053503
51892997150
6428993362
54420657511
54084443318
6781166197
52956138086
50043303923
53624155233
53015576629
52907561022
6911515401
52547684841
5541100607
51407045973
6960319960
55042336726
3524855686
5772409627
3430169982
50834348110
1559299261656065
6408580762
54538131465
6653968572
3451111131
55442521026
5390301566
4707203489
50496145061
50495327186
6008927221
6063020307
50267397916
54237892853
6843407155
4876787421
54266570710
5962068031
55184135479
52692327215
3979109163
55216420543
53266046735
6147801028
53103470683
5446899211
5824341112
6740244755
4339021152
6102160207
3317542321
50548908263
52986222598
53232470502
6556010786
3672764013
53544763700
52691795337
52234964965
50813304492
52837229018
4047194355
6869446269
6906355501
6881059074
55182601573
6611126794
6813897835
54578309851
6520641768
6624721395
5999498495
53361012712
6822711252
5531012017
6504229206
6201687211
6201687221
6201687229
6201687320
6201687384
6201687421
6201687427
6201687453
6201687467
6201687494
6201687497
6201687522
6201687594
6201687599
6201687607
6201687628
6201687638
6201687661
6201687670
6201687673
6201687717
6201687797
6201687833
6201687863
6201687868
6201687880
6201687903
6201687925
6201687949
6201688037
6201688044
6201688060
6201688091
6201688095
6201688099
6201688144
6201688160
6201688167
6201688171
6201688173
6201688206
6201688224
6201688244
6201688253
6201688307
6201688310
6201688312
6201688347
6201688368
6201688388
6201688406
6201688421
6201688434
6201688440
6201688462
6201688478
1555854443591682
6529915607
50117619180
4218744298
1554108750604289
1556591273873409
3812196061
1556960844630017
1558574382852097
1555387151541250
50279282542
1555856894855169
1553047387335682
6637435975
1555879031067650
6020090147
6347684006
5875459572
1559198537665538
3194668041
6026157741
1556555114489858
1555302336290817
5385635026
1554134780861442
52654529310
5870547692
1554036086559746
5500049658
6305217697
1556140519084033
1559221496179713
1558574926801921
50429551664
3743976208
5890890325
6271986660
6762221227
1555517851880450
1553899981496322
1553403737561090
6257832156
52378337375
1556135388909570






































